35
0 0 0
1 0 50
2 0 100
3 0 150
4 0 200
5 0 250
6 0 300
7 0 350
8 0 400
9 0 450
10 50 0
11 50 50
12 50 100
13 50 150
14 50 200
15 50 250
16 50 300
17 50 350
18 50 400
19 50 450
20 100 0
21 100 50
22 100 100
23 100 150
24 100 200
25 100 250
26 100 300
27 100 350
28 100 400
29 100 450
30 150 0
31 150 50
32 150 100
33 150 150
34 150 200
0 1 1
1 2 1
2 3 1
3 4 1
4 5 1
6 7 1
5 6 1
7 8 1
8 9 1
10 11 1
11 12 1
12 13 1
13 14 1
14 15 1
15 16 1
16 17 1
17 18 1
18 19 1
20 21 1
21 22 1
22 23 1
23 24 1
24 25 1
25 26 1
26 27 1
27 28 1
28 29 1
30 31 1
31 32 1
32 33 1
33 34 1
0 10 1
1 11 1
2 12 1
3 13 1
4 14 1
5 15 1
6 16 1
7 17 1
8 18 1
9 19 1
10 20 1
11 21 1
12 22 1
13 23 1
14 24 1
15 25 1
16 26 1
17 27 1
18 28 1
19 29 1
20 30 1
21 31 1
22 32 1
23 33 1
24 34 1